MARK BEN 260 690 232 600 210 550 175 500 120 450 140 475 145 500 155 560      10
MARK BEN 145 545 135 565 130 500 120 550 120 575 140 615 110 550 110 600      20
MARK BEN 120 640 100 585 090 600 100 680 070 630 065 675 070 730 040 720      30
MARK BEN 070 790 010 760 040 825 000 800 020 850 045 900 000 850 025 900      40
MARK BEN 030 940 000 915 030 980 000 950 0201025 0001000 0151040 0001030      50
MARK BEN 0251085 0001100 0321130 0001140 0251135 0001145 0301270 0001250      60
MARK BEN 0301335 0001325 0251390 0001350 0301450 0001450 0401540 0001485      70
MARK BEN 0351590 0001540 0351635 0001620 0201650 0301685 0101675 0501745      80
MARK BEN 0101720 0151715 0351795 0101785 0501860 0401840 0101853 0151855      90
MARK BEN 0601910 0201900 0751950 0251945 0251960 0701985 0302015 0552030     100
MARK BEN 0901990 0702060 1302035 0902085 1202060 1202125 1802040 1902040     110
MARK BEN 1902100 2202050 2402000 2601930 2651925 2581915 2751885 2581915     120
MARK BEN 2301930 2301920 2451880 2301920 2001935 1901940 1801930 1801910     130
MARK BEN 2101850 2351790 2301765 2201765 2001795 1901800 1851775 1851750     140
MARK BEN 2051700 2301680 2501680 2651690 2701700 2671740 3001730 3051650     150
MARK BEN 3001585 2101588 1901650 1701700 1501730 1421735 1301735 1601680     160
MARK BEN 1151720 1001715 1001705 1351640 1101680 1001685 0901685 0801680     170
MARK BEN 1101520 1251500 1501480 2951420 2901400 2901360 2701320 2601280     180
MARK BEN 2651250 2801200 3201145 2501150 2001150 1501130 1101100 1001075     190
MARK BEN 1001050 1201000 235 820 255 800 235 820 220 845 200 850 160 845     200
MARK BEN 160 830 185 820 140 800 140 795 200 780 140 775 140 750 160 730     210
MARK BEN 200 707 250 695 300 695 360 710 385 750 395 770 390 800 350 900     220
MARK BEN 3001000 350 900 420 850 480 818 525 800 575 793 600 793 625 800     230
MARK BEN 650 810 670 850 670 900 650 950 6151000 5501050 4601100 4001120     240
MARK BEN 3201145                                                             250
KROPP 1  360 705 338 675 330 650 325 625 330 600 372 540 395 550 400 560     260
KROPP 1  390 570 382 580 382 590 385 600 390 610 385 600 382 590 382 580     265
KROPP 1  382 580 370 582 382 580 390 620 382 580 400 610 395 550 400 538     270
KROPP 1  430 510 440 525 440 550 420 565 440 550 435 600 440 615 470 650     280
KROPP 1  520 700 525 730 500 770 480 820 500 770 560 710 615 730 645 732     290
KROPP 1  690 750 655 815 690 750 695 735 650 718 645 732 655 705 635 685     300
KROPP 1  650 685 670 685 710 700 695 735 710 700 720 680 765 700 800 720     310
KROPP 1  850 770 800 815 760 850 710 920 760 850 800 815 825 830 840 850     320
KROPP 1  8351020 8001015 7501007 6851010 7501007 8001015 8351020 8501025     330
KROPP 1  8601050 8301100 8001135 7501175 7651110 7501175 7501250 7751350     340
KROPP 1  8001425 8101450 8301475 8501485 8751490 8651490 8651460 8601450     350
KROPP 1  8501443 8201440 8101445 8001450 7801475 7501550 7201600 7001620     360
KROPP 1  6751635 6781650 6651662 6101625 6401600 6501597 6651600 6751610     370
KROPP 1  6751635 7401680 7601680 8001675 8251660 8501655 8151662 7751650     380
KROPP 1  7601650 7751650 8151662 8001700 7801750 7721775 7501790 7001800     390
KROPP 1  6501785 6001800 3101840 3001875 2821915 2601930                     400
KROPP 2  3001730 3501708 4001680 4501650 4951620 5251650 5501675 6001705     410
KROPP 2  6751735 6001705 5501675 5251650 4951620 4801600 4651575 4001580     420
KROPP 2  3001585 4001580 4651575 5701550 6101540                             430
KROPP 3  7801410 7701385 7501370 7131350 6801340 6001345 5001365 4001385     440
KROPP 3  3001420 3351405 2901360                                             450
BLOJA 1  5251070 6001065 7001077 7801100 7651118                             460
BLOJA 2  770 940 6001035                                                     470
BLOJA 3  6401000 715 945                                                     480
KNAPPNAL 565 710 550 700 535 685 530 670 525 650 530 625 545 600 565 590     490
KNAPPNAL 600 590 650 595 700 615 700 635 695 655 650 650 635 650 625 660     500
KNAPPNAL 625 670 635 685 625 670 625 660 635 650 650 650 695 655 700 635     510
KNAPPNAL 945 730 960 727 985 7321005 7601007 7801003 8001000 820 975 835     520
KNAPPNAL 950 840 900 830 820 800 832 785 935 815 960 815 975 810 983 800     530
KNAPPNAL 990 780 985 767 970 750 950 742 930 750 928 760 920 775 922 800     540
KNAPPNAL 935 815 915 810 910 800 903 775 910 762 918 750 930 740 945 730     550
KNAPPNAL 960 727 985 732 970 720 700 615                                     560
HUVUD   1060119510001223 9581250 9401275 9301300 9401350 9601375 9401350     570
HUVUD    8851450 8601550 8481650 8421700 8421750 8451800 8581850 9001950     580
HUVUD    9302000 9752050100020651050208810752087110020801150205011802010     590
HUVUD   1200202512502045127520451295203513502085145021251550214516002142     600
HUVUD   1680213016502110170021101790211517002110160020851550205514652000     610
HUVUD   1410195013701900133018501315182013501840140018501450185015001835     620
HUVUD   1580180017501700180016801860167518001660175016551700166516401695     630
HUVUD   1660165017151600180015501750154017001542165015501585157516401500     640
HUVUD   1700145017501425180014001850138519301372185013701800137317001390     650
HUVUD   1650141016001430150014501400146513001465120014521075142011001420     660
HUVUD   1150141812001400124013751200140011501418110014201140141012151370     670
HUVUD   1140141011701375118513501197130012001270119212501155120011401190     680
HUVUD   111011801060119510101200 9501225 8901250 94012001000115010601125     690
HUVUD   10001140 9651150 9001180 840122010001050105510001125 9501185 900     700
HUVUD   1280 8501350 8251450 8051500 8001550 8001600 8051700 8301750 850     710
HUVUD   1950 97521001100212511152150113022001130222511252255111022901150     720
HUVUD   2320120023301250233013002300135022551400223514152250145022601500     730
HUVUD   2265155022651600225816502220180021701900210020002060205020002100     740
HUVUD   1950212519002140185021501750215016802130                             750
V OGBRYN1475210015102050                                                     760
V OGA   1180201011801990119019501200194012251925125019251275193513001950     770
V OGA   1310197513102000130020251275203512502033121020001210197512351950     780
V OGA   1260195012901965130019701310199013002025129020401285204512902075     790
V OGA   13152100129020751285204512652045125020751250210012602100             800
NASA    1120192011421910115019001155188511501870114318601125185011101845     810
MUN     101019601000192510001910 9501875 9401850 9421825 9551800 9701790     820
MUN      9701825 9801850 985187510001910101018901015187510051850 9901825     830
MUN      9701790 9701775 9801750 9901740                                     840
ORA     107013851100137511451325115013001150126511401250                     850
H OGA   1250154012301575122016001220162012001618116516181150162011301635     860
H OGA   1125165011301675115017001170171012001710122517001240168012421650     870
H OGA   1235163012201620117016001150160011301610110516301097165010951675     880
H OGA   1100170011201725114517501170176012001760123017501250172512601700     890
H OGA   1257167512351635125016001270157512901560                             900
H OGBRYN14501530150015751517160015351625                                     910
HARPRYD 2230176022501770228017802300178023401760235517402355170023501690     920
HARPRYD 2340165023401640235016252375164024101690243017002445170524701700     930
HARPRYD 2500165025251600253015502530150025251475250014502480144024001443     940
HARPRYD 2360142523501400233013502320133023301300233012502325122523401222     950
HARPRYD 2360118523601150235011252330109023101072228010602240106022501110     960
HARPRYD 224010602225 9402260 9502290 9502320 9472340 9352350 9202370 850     970
HARPRYD 2360 8002345 7752300 7402270 7252230 7252200 7302175 7502160 775     980
HARPRYD 2160 8352150 8402135 8402115 8002075 7602050 7452000 7451970 750     990
HARPRYD 1950 7751915 8251910 8501925 9001940 9251975 9602000 9702035 980    1000
HARPRYD 2080 9802110105021201115                                            1010
HKNUT 1 21851200222012002250119022701180                                    1020
HKNUT 2 22851190225012302235125022001275                                    1030
HKNUT 3 223013252250130023001220                                            1040
HARTOFS12355114023901150240511702460128525001335252513602550137526001390    1050
HARTOFS12650140027301400277013902805136028251350287513252885130029051250    1060
HARTOFS12910122028801250285012602830126028101250277512252715112527001100    1070
HARTOFS126601050260010002550 9752500 9602450 9602400 9802390100023301090    1080
HARTOFS22345111523601100240010602450105024701046250010502530107025701100    1090
HARTOFS324201110245011152475112525001160                                    1100
HARTOFS426251310272013502765136028051360                                    1110
HARTOFS5270811052780105028001025282010002835 9502840 9002830 8502808 800    1120
HARTOFS52780 7502750 7252700 7002715 7252720 7502730 7902720 7502715 725    1130
HARTOFS52700 7002650 6702600 6602550 6702470 7152520 7202550 7302580 750    1140
HARTOFS52600 7802605 8102600 8502580 9002535 9502515 960                    1150
