*
*                        8888888888888888888888888                        44    44   44   4   444                        55    55    5   5   555                        KK    KK    K   K   KKK
*                   8888888888888888888888888888888888888                  844  4444   444   44  44  4444   444                   55  5555   555   55  55  5555   555                   77  7777   777   77  77   777   777                   KK  KKKK   KKK   KK  KK   KKK   KKK
*               8888888                               88888               44   44                                 444               55   55                                 555               77   77                                 777               KK   KK                                 KKK
*             88888                                      8888                44                                      4           444  4                                          44           777  7                                          77           555  5                                          55           KKK  K                                          KK
*         888888                                            888            444                                            4 4            555                                            5 5            777                                            7 7            KKK                                            K K
*        888888                                             888        44   4                                                 55   5        77   7             
*       555555                                              555       777777                                              777       KKKKKK                                              KKK
*      888888                                               888           4           5           7           K
*     888888                                              8888     444                                                 44     555                                                 55     777                                                 77     KKK                                                 KK
*     88888                                          8888888               4444                                          444   4     5555                                           555   5      7777                                          777   7      KKKK                                          KKK   K
*     88888                                     8888888                                                     4                                                     5                                                     7                                                     K
*     88888                                 8888888                                              444                                              555                                              777                                              KKK
*      8888     8                                 88888      4444      5555      7777      KKKK                               ''
*      88888                       44      4  55      5      7  77      K  KK
*       8888             8   4          5          7          K
*       888888        4  44        5  55        7  77        K  KK
*    88888888888          4 444          5  55          7 777          K  KK
*  88888888888888        4     4 ,              5              7              1                 K
*  88888888888888888           4  44  4              55                 77  7              66              KK
*  88888888888888888888             4 4     4             5 5                 7 7             K K
*  888888888888888888888888              44   4              55   5              77   7              KK   K
*  88888888888888888888888888888        4    4444 4444             5555 5555             7777 7777             KKKK KKKK
*  888888888888888888888888888888888              44   444        4     55   555              77   777              KK   KKK
*  888888888888888888888888888888888888         4    44          44       444              55          55       555              77          77       777              KK          KK       KKK
*  88888888888888888888888888888888888888  4        4  4          44444     44444              5          55555     55555                          7777     77777              7          7              K          KKKKK     KKKKK
*  8888888888888888888888888888888888888888  44       4  4         4444444    444444              5          555555     55555              7          77777     777777                          KKKKKK     KKKKK              K
*  888888888888888888888888888888888888888888  4444     4      4    4444444     4444      55            5    5555555     5555   55    77            7    7777777     7777                                            44                                          77    KK            K     KKKKKK     KKKK   KK
*  88888888888888888888888888888888888888888888  44444     4    444   4444       4444   44444     55          555   5555       5555   55555     77          777   7777       7777   77777     KK          KKK   KKKK       KKKK   KKKKK
*  888888888888888888888888888888888888888888888  44 4444   4  4444   44444       444   4444444      555      5555   55555       555   5555555      777      7777   77777       777   777777?      KKK      KKKK   KKKKK       KKK   KKKKKKK
*  8888888888888888888888888888888888888888888888  44  4444  4              4 4444  44444       44    444444       555                   5555  55555       55    555555       777     7777  77777       77    777777
*  88888888888888888888888888888888888888888888888  4      44 44   44444  4444    4         44      55 55    5555  5555    5         55      77  7    7777  7777    7         77      KK  K    KKKK  KKKK    K         KK
*  8888888888888888888888888888888888888888888888888  44  444444   44    444    444      4      555555   55    555    555      5      '77777         777    777      7      KKKKKK         KKK    KKK      K
*  888888888888888888888888888888888888888888888888888  4     44  4 4444   44 4   4444                  444        55          55        55               5        5555   5555                  555        77  7        77 7   7777                  777        KK  K        KKKK   KKKK                  KKK
*  8888888888888888888888888888888888888888888888888888  4   444   4 444444 444     444                  4444      555   5        555     555                  5555      777   7        777     777                  7777
*  88888888888888888888888888888888888888888888888888888  4    4  4   44444444      444          44 4       444       5  5                 555          55 5       555       7  7                 777          77 7       777       K  K                 KKK          KK K       KKK
*  88888888888888888888888888888888888888888888888888888  4     4444 44444444444   44444 4     4 44444      444        5555               55555 5     5 55555      555        7777               77777 7     7 77777      777        KKKK               KKKKK K     K KKKKK      KKK
*  888888888888  888888888888888888888888888888888888888  44        4   444444444444444    4  444444         44            5            555555    5  555555         55            7            777777    7  777777         77            K            KKKKKK    K  KKKKKK #       KK
*  888888888888                 8888888 888888888888888888888888888888  4444  4    4   444444   4444444   4444444       44444   555  5    5             555555   5555555       55555   777  7    7             777777   7777777       77777   KKK  K    K             KKKKKK   KKKKKKK       KKKKK
*  888888888888 8  88 888  88888888888888888888888888888  44444 44        44 444   4444     4444        4444444   5555 55                 5555     5555        5555555   7777 77                 7777     7777        7777777   KKKK KK                 KKKK     KKKK        KKKKKKK
*  888888888888  8  8  88 888888888888888888888888888888D  4 44444       4  4  44  44      44           44444444    55555                 55      55           55555555    77777                 77      77           77777777    KKKKK                 KK      KK           KKKKKKKK
*  888888888888           888888888888888888888888888888  4  4444        4 4    44                      4444444     5555                                      55555555     7777                                       7777777      KKK                                       KKKKKKK
*  888888888888            88888888888888888888888888888  4     44       4         44  4    444444    44          4 4   4       555                555555    55          5 5   5       777                777777    77          7 7   7       KKK                KKKKKK    KK          K K   K
*  888888888888          8888888888888888888888888888888  4     44444     44  4  4 444444444  4444            55555            5 555555555  5555        77777            7 777777777  7777        KKKKK            K KKKKKKKKK  KKKK
*  8888888888888        88888888888888888888888888888888  4       44444               4444444   4444       4          55555               5555555   5555       5          77777               7777777   7777       7          KKKKK               KKKKKKK   KKKK       K
*  8888888888888       88888888888888888888888888888888  4 44      444     4 4444       444444    444    4444    55      555       5555       555555    555    5555    77      777       7777       777777    777    7777    KK      KKK       KKKK        KKKKKK    KKK    KKKK
*  8888888888888        8888888888888888888888888888888  4   4       4        44444444         4    444   444      5       5        55555555         5    555   555      7       7        77777777         7    777   777      K       K        KKKKKKKK         K    KKK   KKK
*  8888888888888          8888888888888888888888888888  4    4444       4  4      444444            444        5555                 555555            555        777           0     777777            777       7       KKKK                 KKKKKK            KKK
*  88888888888888                       88888888888888888888888888888  4444     4444                    4 44          444           5555                    5 55          555           7777                    7 77          777           KKKK                    K KK          KKK
*  8888888888888      8888888888888888888888888888888  4444444    44           444         4  44       44  555        55           555         5  55       55  777        77           777         7  77       77  KKK        KK           KKK         K  KK       KK
*  8888888888888    8 888888888888888888888888888888  4      4    4          4444444          44   4  4  5           5          5555555          55   5  5  7           7          7777777          77   7  7  K           K          KKKKKKK          KK   K  K
*  8888888888888     8888888888888888888888888888888  4       4   4               444444       44 4 4 4              5               555555       55 5 5 5              7               777777       77 7 7 7              K               KKKKKK       KK K K K
*  8888888888888  8   88888888888888888888888888888  4       4      4              444444      444444                 5              555555      555555                 7              777777      777777                 K              KKKKKK      KKKKKK
*  8888888888888   88888888888888888888888888888888  44     4        444444          444444     44444  55              555555          555555     55555  77              777777          777777     77777  KK XXXXX        KKKKKK          KKKKKK     KKKKK
*  8888888888888   8 88888888888888888888888888888   444  4    4    4 444444             44 4  4 44   555  5         5 555555             55    5 55   777  7         7 777777             77 7  7 77   KKK  K         K KKKKKK             KK K  K KK
*  1188888888888     88888888888888888888888888888    4 4 444 44   4  4444444   44         4  4  44    5 5 555         5555555   55         5  5  55    7 7 777         7777777   77         7  7  77    K K KKK         KKKKKKK   KK         K KK  KK
*1    8888888888    8  8888888888888888888888888888      4  4 44 4                       4  444444  444  4         4 44(      5  5        5  555555  555  5         5 55       7  7        7  777777  777  7         7 77       K  K        K  KKKKKK  KKK  K         K KK
*18(  1   8888888    . 88888888888888888888888888888          4 4       4444444444  44  4 44     4444          5         5555555555  55  5 55     5555          7         7777777777  77  7 77     7777                    KKKKKKKKKK  KK  K K      KKKK
*I  8     888888    8  888888888888888888888888888        4  4     4  4444   444   44 4 444    448(         5        5  5555   555   55 5 555    55                  7  7777   777   77 7 777    77                  K  KKKK   KKK   KK K KKK    KK
* 88888888 8888  8  88888888888888888888888888888 44444444  4       444   4   44   44  4 4 4 4 44     5555          555   5   55   55  5 5 5 5 55     7777          777  *'   37'  77  7 7 7 7 77                   KKK   K   KK   KK  K K K K KK
* 8     8  888   888 8888888888888888888888888888 4     4   4      4   4        4         44 4  4               5          5   5        5         55 5  5                  7   7        7         77 7  7                  K   K        K         KK K  K
*  88     8 888    888888888888888888888888888888  44     4            4    4   4            44                      5    5   5            55                    !      7   7            77                      K    K   K            KK
*  8888888      4  888888888888888888888888888888  4444444           444444 4    4            444                    555555 5    5            555                    777777 7    7            777                    KKKKKK K    K            KKK
*   4    4  4   4    8                   8 888888888888888888888888888                     44444444    4444        444                     55555555    5555        555                     77777777    7777        777
* 4     4 4   4   8888888888888888888888888888888                      444           4444      44                      555           5555      55                      777           7777      77                      KKK           KKKK      KK
*      4 4 4   4   888888888888888888888888888888                        4               44     4                        5               55     5                        7                                        77     7SSS                     K               KK     K
*      4  4 4  4 4  88888888888888888888888888888                                          5                                          7                                          4                                          K
*        4 4  4 4 4  8888888888888888888888888888                                  4        4                                  5        5                                  7        7                                    K        K
*  4      4 4 44  4  4 88888888888888888888888888                                   44444                                   55555                                    7777                                   KKKKK
*  4  4    4 4 4  4 88888888888888888888888888888                                      4444 4                                      5555 5                                      7777 7                                      KKKK K
*          4 44   88888888888888888888888888888888                                         444444                                         555555                                         777777                                         KKKKKK
*  8         88  888888888888888888888888888888888  4                      44                44444                         55                55555                         77                77777                         KK                KKKKK
*  8          88 888888888888888888888888888888888                     44 4            4       4444                     55 5            5       5555  4                  77 7            7       7777                     KK K            K       KKKK
*  88888       88 888888888888888888888888888888888  44                  4 44                    4444                      5 55                    5555                      7 77                    7777                      K KK                    KKKK
*  8888888     888888888888888888888888888888888888  44                   44444444 44                             55555555 55                       77777777 77                       KKKKKKKK KK
*  888888888  8888888888888888888888888888888888888  444     4          4444444444444444         44    5     5          5555555555555555         55    7      7         7777777777777777         77    K     K          KKKKKKKKKKKKKKKK         KK
*  88888888888  888888888888888888888888888888888888  44444    44       44444444444     44       4444   5555    55       55555555555      5       5555   7777    77       77777777777     77       7777   KKKK    KK       KKKKKKKKKKK     KK       KKKK
*  8888888888888 88888888888888888888888888888888888  444444   4444    44444444                     44   55555   5555    55555555                    555   77777   7777    77777777                    777   KKKKK   KKKK     KKKKKKK                    KKK
*  88888888888888888888888888888888888888888888888888  44  444   44444  4444444                       4     5   55      5     55555  5555555                       5   7   77   77777  7777777                       7   K  KKK   KKKKK  KKKKKKK                       K
*  88888888888888888888888888888888888888888888888888  4     44  444   44444        55  555    5555        77  777    7777        KK  KKK    KKKK
*  888888888888888888888888888888888888888888888888888  4      4  4444   4444      4         4 4         5  5555   555       5         5 5         7  7777   777       7         7 7         K  KKKK   KKK       K         K K
*  888888888888888888888888888888888888888888888888888  4   4   4  444     44  4     44   44    44 4      5   5  555     55        55   55    55 5      7   7  777     77  7     77   77    77 7      K   K  KKK     KK  K     KK   KK    KK K
*  8888888888888888888888888888888888888888888888888888  4  4444  4    44    444  4  4 4444 444   44444444     5555  5    55    555     555555 555   55555555     7777  7    77    777     7 7777 777   77777777     KKKK  K    KK    KKK     K KKKK KKK    KKKKKKK
*  88888888888888888888888 8  *** :88888888888888888888  4    444        4   444   444  4    4         444444       555        5   555   555  5    5         555555       777        7   777   777  7    7         777777       KKK        K   KKK   KKK  K    K         KKKKKK
*  88888888888888888888888888888888888888888888888888888  4       44      44  4444   4444 4     44          444          55                       55  5555   5555 5      5          555          77      77  7777   7777 7     77          777          KK      KK  KKKK   KKKK K     KK          KKK
*  888888888888888888888888888888888888888888888888888888  4         4   4444  444     44   4        44        44            5   5555  555     55   5        55        55            7   7777  777     77   7        77        77            K   KKKK  KKK     KK   K        KK        KK
*       888888888888888888888888888888888888888888888888888888  4  44    !4   4444  444      44   4 44      444     55     5   5555  555      55   5 55      555     77     7   7777  777      77   7 77      777     KK     K   KKKK  KKK      KK   K KK      KKK   888888888888888888888888888888888888888888888888888888  4   444   44  444  4444     44444  4444        44      555   55  555  5555     55555  5555        55      777   77  777  7777     77777  7777        77      KKK   KK  KKK  KKKK     KKKKK  KKKK        KK
*  8888888888888888888888888888888888888888888888888888888  4     4444 44      444     4  444444444          4 44        5555  5             5       555     5  555555555          5 55        7777 77      777     7  777777777          7 77        KKKK K       KKK     K  KKKKKKKKK          K KK
*  8888888888888888888888888888888888888888888888888888888  4       444444 44 444   4   444      44             44      !   555555 55 555                              5   555      55             55          777777 77 777   7   777      77             77          KKKKKK KK KKK   K   KKK      KK             KK
*  8888888888888888888888888888888888888888888888888888888  4 4      44444444444     4  44            4    5      55555 55555     5  55            5    7      77777 77777 ****0..MD        U    K      KKKKKKKKKKK     K  KK            K
*  8888888888888888888888888888888888888888888888888888888  44444     4444444444    444   4             444444   5555     5555  5555    555   5             555555   7777     7777  7777    777   7             777777   KKKK     KKKKKKKKKK    KKK   K             KKKKKK
*  8888888888888888888888888888888888888888888888888888888  444444     44      44   444   4   444           44444  555555     55      55   555   5   555           55555  777777     77      77   777   7   777           77777  KKKKKK     KK      KK   KKK   K   KKK           KKKKK               KKKKK               44444
*  8888888888888888888888888888888888888888888888888888888  44444444   44          4444      44444444          4444  55555555   55          5555      55555555          5555  77777777   77          7777      77777777          7777  KKKKKKKK   KKKKKKKK    KKKK      KKKKKKKK          KKKK !             444444
*  8888888888888888888888888888888888888888888888888888888  4     44   444444444  44444      444                  4  5      5   5          55555      555                  5  7     77   7          77777      777                  7        5  K     KK   K          KKKKK      KKK                  K
*  888888888888        88888888888888888888888888888888888  4           44444444  44444                 4444444  5          5          55555                 5555555             7          77777                 7777777             KKKKKKKKK  KKKKK                 KKKKKKK
*  888888888888       88888888888888888888888888888888888  4          4       44 444444          4444   4444444                     55 555555          5555   5555555                     77 777777          7777   7777777                     KK KKKKKK          KKKK   KKKKKKK
*  88888888888      8  888888888888888888888888888888888  4         4      4  44 444444       44444        4444                   5  55 555555       55555        5555                   7  77 777777       77777        7777                   K  KK KKKKKK       KKKKK        KKKK
*  8888888888        8  88888888888888888888888888888888  4  4 444          4  44 44444     444444     5 555          5  55 55555     555555     7 777          7  77 77777     777777     K KKK          K  KK KKKKK     KKKKKK
*  8888888888         8 8888888888888888888888888888888  4     444          4 444  444       444444        555     4    5 555  555       555555        777          7 777    *  * *  777       777777         KK          K KKK  KKK       KKKKKK
*  888888888       8   8 88888888888888888888888888888  44     444      4   4  44 4 44        444444  55     555      5   5  55 5 55        555555  77      77      7   7  77 7 77        777777  KK     KKK      K   K  KK K KK        KKKKKK
*  888888888  4  8  8   88 88888888888888888888888888  4444    4     4  4   4  4  4  44          44444  5555    5     5  5   5  5  5  55          55555  7777    7     7  7   7  7  7  77          .7777  KKKK    K     K  K   K  K  K  KK          KKKKK
*  888888888      8 88 8888 8888888888888888888888888  444444         4 44 4444 4   4  444         4444  555555         5 55 5555 5   5   55 * *     5555  777777         7 77 7777 7   7   77         7777  KKKKKK         K KK KKKK K   K  KKK         KKKK
*  88888888       88 88 8888888888888888888888888888  4444444        44 44 44444      444         44444  5555555        55  5 55555   5  555          555  (((((((        (( (( (((((   (  KKK      KKKKKKKK
*  88888888      8 88 888888888888888888888888888888  4     44                4  4 444  4444    44444         444        55      5 55 555  5555    55555         555        77      7 77 777  7777    77777         777        KK      K KK KKK  KKKK    KKKKK         KKK
*  88888888   888     88888888888888888888888888888  4      4   444    4444   44       444444       4         5   555    5555   55       555555       5         7   777    777    77       777777       7         (   (((    ((((   ((       ((((((       (
*  88888888             888888888888888888888888888  4  4                  44             44444     5                  55            44                                       55555     7                  77             77777     K                  KK             KKKKK
*  88888888              88888888888888888888888888  4 4444                  4      4444     4    5555                  5      5555     5    7777                  7      7777     7    KKKK                  K      KKKK     K
*  88888888           88    8888888888888888888888  4 44  4                        55555555  5 55  5    4                   44444444  8  88   0                      8888888
*  3** **+  8  88888888             88888888888888888888888888  4  4        4                       44444     5                                55555     7                                77777     K                                KKKKK
*  88888888        8888888888888888888888888888888  4            4                          4444                                          5555                                          7777                                          LKKK
*  888888888           88888888888888888888888888  4                           444          4444                4             555          5555                              777          7777                              KKK          KKKK
*  88   8888   8   8888   88888888888888888888888  4                      444  444444         44                          555  555555         55                          777  777777         77
*  88888  88    888    88888888888888888888888888  44444                     4444    444444  55555                     5555    555555  77777                     7777    777777  KKKKK                     KKKK    KKKKKK
*      88888              88888888888888888888888      44                             444444 1     5                             555555      5      77                             777777      KK                             KKKKKK
* 1       88  4    4    888888888888888888888888 2 3 3 4 5 5 6                            444           444                            555           555                            777           777                            KKK           KKK
* 1 2 3 3 4 5 6 7      88888          88888888888888888888888888                          44444444           4             4 4          55555555          5                          77777777           7                          KKKKKKKK           K
*  8     888 4  4   4  8888888888888888888888888                         44444               4                         55555               5                         77777               7                         KKKKK               K  4  5  7  K
*  88888888 4  4        888   888888888888888888  44444444                          444  55555555                          555  77777777           `              777  KKKKKKKK                          KKK
*  8888  88         8888  888 I  888888888888888  4444                                4444  5555                                5555  7777                                7777  KKKK                                KKKK
*  1 1    8888     444    8888  88     888888888888                                         444                                         555                                         777                                         KKK
*  888888          4444    88  8     8 88888888  444444                                   44  555555                                   55  777777                                   77  KKKKKK                                   KK
* 1       4  *444-       --   8  8    8 8888888                                            44                                            55                                            77                                            KK
*1  4  44444--       4  4       4   4 4  888888                                             4                                             5                                             7                              !              K
*  1    4444444VV      4   4      4  4 4  8  88888V   .           555XX                            44444X                                            5555    '                                       7777SS.
*  888   4   44      4 4           4    4 8 8888888V.  .  444                                      4444444S  555                                      5555555  777  KKK
*  4444444444           --.                8   88888.  8  88888                                       44444  55555                                        5555  77777                                          7  KKKKK 
*  88888884 44       444444444 4           8     888  8  4444444           888888888 8                 444     555            555555555 5                   5     777     KKK
*  8888888444  4  888        888 8 8       8      8888  4444444        44 88888888 44 4 4              44        55   5        55          55 5 5              5   77   7   KK   K
*  88888888      8      8888888888 8       8   888888  44444444      4              44 4       4   44    555  5      5              55 5       5   55    777  7                                7    KKK  K                                K
*  88888888  4  8          8888888888        888888'  44444444     4                 444        44     555       5                 555        55     777                                    77     KKK                                    KK
*  88888888   4       888888888888888 888      888  44444444           444444       44 444      4 4  555555             555555       55 ******  ****  7UUUU                             UUU  KKKKKK                             KKK
*  88888888   4     88       88888888 888888  8888  44444444         44       44     4 44444488  4     5555          55       55       5555555   5     7777                            7777777     KKKK                            KKKKKKK
*  88888888   4                     8            88888888888888888888  44444444       4            4    4       444        55       5            5            555        77         !               5       777        KK                                 KKK
*  88888888  4                  88888 8888888888888  44444444                     4   4          4         5                     5   5          5         7                                    7         K                                    K
*  888 8888  4                 888888888888888 8888  444 4444                     4  4444444444   4                               5                                     5            5                                            4  7                                               K
*  888  888 4       44    444 88888888888888888 88  444  444         88    888    4 444444444444                   55  Y  TTT    T T T TT                                  7 7 77
*  888 4  84       8          8 8888888  888888 88  444    4        4          4  4 44    444444                                     4                  5          5  5 5  5  55                                  7  7  77                                     6                                     2                                     0                                     K                                     F                                     S
*  8884 4   4     8              8888888888888 88  444            4               44 44444                 5               55 55555                                    777  4444   888                 7                  KKK         444                 K                  LLL                 F                  FFF                                    SSS
*  8888     44    8               8888888888 88888888  4444           4                4  555            5                555  777            7                774444444    44444  KKK            K                 K
*  8888 4 4   4   8                8888888 8888888888  4444           4                4  44       444444    55           5                5  5    77           7                   7    KK           K
*  8888 44  4      8                888888888888888  4444            4                   4       4444     5            5                   5     7            7     K            K
*  88888 4 4  4    8               88888888888888  44444           4                    44     44                  5                    55                  7                            K
*  888888  4       8               888888 8888  444444          4                   44 44    555           5                   55    777           7                   77    KKK           K                   KK    222                               33                                      FF                                      SS
*  8888888    4     8             88888888888  4444444          4                  444444     5555          5     7777     KKKK
*   888888 4        8         88 88889   444444          4         44       55          5         55       77          7         77       KK          K         KK
* 1   8888   4       8       888888888     4444           4       4444     5555           5       5555        7           7       7777        K           K       KKKK                            MMMM                            FF                                                       XX
*1 8   <888     4    88    8888888888  4   4444          44    444444        5           55    555555        7           77    777777                    KK    KKKKKK                          FFFFFF                             Z        !                    X
* 11888  888       4 8   '88888888888  444  444         4    4444444  555   5          5    5555555  777   7          7    7777777  KKK   K          K     KKKKKK                         FFFFFF
* 8  88 888           4    88888888 4  44 444                4444    55 55                 5555    77                    7777        7    KK  K                 KKKK                          FFFF
* 88   8888              '4..8888' 44   4444                  444      5 5                   555      7 7                   777      K K                   KKK                            FFF
*88   8 8 8                   88'44   4 4 4                  '44     5 5                     55     7 7                     77     K K                     KK
*88  88 88844  44 444     5 5     7 7     K K
* 88888888 44444444 55555 5 77777 7 KKKKK K
*  888888  444444      5      7      K
*  88888  44444     5     7     7     K
*  888
